05867
00011
00031
00035
00038
00058
00123
00130
00138
00166
00168
00183
00190
00197
00211
00229
00265
00275
00280
00293
00314
00333
00369
00374
00390
00409
04611
04612
04616
04630
04642
04643
04665
04673
04680
04690
04718
04734
04783
04789
04793
04830
04851
04865
04871
04878
08758
08783
08796
08818
08838
08841
08849
08895
08916
08918
08959
08961
08963
08969
08987
08993
09035
09076
09077
09095
09123
09136
09155
09159
09166
09182
09186
09187
02742
02744
02747
02755
02776
02778
02779
02783
02789
02790
02810
02811
02849
02854
02855
02874
02875
02885
02899
02906
06168
06172
06182
06212
06230
06271
06275
06277
06296
06298
06306
06311
06316
06324
06325
06338
06342
06353
06375
06423
06432
06462
06463
06495
06516
06531
06534
00431
00764
01070
01421
01752
02045
02423
02740
02917
03135
03505
03761
04164
04379
04610
04882
05078
05430
05596
01427
01442
01452
01462
01479
01481
01485
01502
01506
01508
01524
01543
01569
01576
01620
01625
01629
01642
01661
01664
01669
01675
01684
01728
01750
10400
10419
10421
10448
10451
10454
10475
10476
10478
10491
10506
10537
10571
10618
10621
10622
10628
10633
10638
10644
10652
10658
03764
03789
03798
03818
03825
03848
03863
03867
03869
03879
03893
03898
03907
03914
03915
03921
03975
03976
03982
03985
04005
04007
04009
04014
04027
04034
04038
04045
04060
04071
04095
04098
04118
04122
04138
07306
07320
07322
07336
07349
07350
07369
07406
07415
07421
07424
07436
07441
07465
07466
07471
07476
07484
07498
07529
07530
07568
07569
07578
07601
07651
07662
11131
11151
11163
11176
11192
11249
11287
11331
11341
11360
11382
11468
11501
11510
11517
11546
11557
11565
11596
11599
02166
02177
02185
02186
02197
02199
02208
02210
02212
02215
02216
02240
02248
02251
02253
02276
02279
02280
02282
02291
02308
02316
02319
02333
02334
02345
02351
02354
02357
02361
02364
02385
02405
02409
02414
05432
05438
05442
05447
05449
05451
05466
05471
05505
05508
05509
05515
05536
05545
05549
05550
05566
05576
05580
05587
05591
09505
09509
09517
09524
09544
09557
09561
09566
09575
09589
09606
09607
09612
09621
09666
09674
09677
09688
09693
09696
09715
09721
09723
09729
09748
09801
09810
09880
09885
09887
09892
09908
00765
00769
00774
00785
00799
00822
00835
00839
00841
00843
00862
00870
00889
00898
00914
00918
00926
00945
00970
00972
00976
01015
01066
03137
03148
03149
03186
03197
03215
03234
03255
03259
03282
03338
03351
03359
03365
03369
03405
03417
03434
03475
03493
03494
08089
08090
08102
08160
08203
08210
08224
08239
08241
08243
08261
08279
08314
08346
08375
08380
08393
08399
08400
08405
08407
08416
08421
08446
08454
08458
02424
02429
02442
02456
02480
02485
02503
02509
02528
02540
02550
02569
02570
02576
02579
02587
02603
02621
02626
02637
02640
02646
02652
02656
02668
02670
02680
02696
02702
02707
02725
11857
11862
11866
11873
11887
11931
11932
11937
11942
11946
11972
12004
12023
12037
12039
12049
12069
12104
12120
12129
12145
12150
12154
12155
12161
12188
06828
06838
06843
06875
06886
06909
06940
06954
06972
06974
06980
07008
07013
07029
07030
07049
07069
07075
07087
07088
07090
07119
07131
07136
07150
07168
07187
07200
07204
07217
07260
07262
07275
07278
05081
05085
05088
05107
05136
05143
05150
05169
05170
05177
05196
05233
05236
05237
05252
05266
05279
05297
05302
05303
05305
05310
05317
05336
05341
05357
05360
05367
05372
05375
05380
05382
05420
04170
04174
04176
04177
04181
04215
04223
04229
04234
04236
04245
04273
04286
04302
04316
04318
04326
04327
04346
04349
04358
04366
09963
09969
09978
10006
10021
10031
10033
10044
10046
10059
10070
10073
10092
10096
10104
10111
10116
10119
05889
05891
05898
05915
05922
05924
05936
05937
05952
05954
05961
05987
05990
06011
06022
06026
06031
06048
06068
06077
06082
06083
06111
06119
06130
06136
06145
06150
06157
00452
00458
00477
00513
00519
00532
00539
00556
00581
00592
00593
00605
00614
00624
00625
00626
00636
00639
00642
00646
00666
00689
00692
00712
00725
00734
00746
00749
10697
10710
10726
10736
10746
10762
10774
10801
10817
10864
10868
10877
10917
10939
10957
10967
10981
10991
11013
11022
11023
11033
11044
11046
11067
11088
11097
11099
11107
11112
01072
01084
01112
01122
01130
01137
01138
01164
01205
01210
01216
01222
01223
01240
01242
01248
01251
01273
01276
01289
01298
01306
01312
01315
01319
01325
01372
01379
01390
01392
09210
09239
09275
09281
09282
09313
09344
09360
09365
09370
09372
09374
09384
09388
09412
09429
09449
09450
09468
09472
09486
09500
01759
01761
01766
01770
01773
01786
01794
01809
01814
01816
01826
01830
01838
01842
01849
01921
01948
01955
01961
01974
01983
01997
02004
02016
02039
02041
12211
12223
12234
12242
12243
12250
12272
12275
12290
12302
12314
12344
12355
12359
12370
12374
12380
12387
12392
12400
12408
07686
07699
07707
07727
07762
07774
07815
07819
07820
07840
07860
07872
07886
07901
07939
07941
07969
07977
08012
08015
08024
08034
08057
08059
08074
08080
08505
08506
08525
08542
08543
08554
08556
08594
08608
08614
08619
08655
08664
08688
08694
08695
08705
08716
08718
08719
08721
08746
06539
06577
06591
06597
06606
06621
06659
06663
06670
06687
06688
06705
06725
06729
06750
06761
06765
06777
06795
04886
04899
04905
04916
04932
04940
04945
04961
04965
04986
04993
04999
05003
05004
05011
05016
05030
05038
03527
03540
03547
03553
03557
03559
03597
03607
03619
03626
03629
03631
03651
03654
03677
03679
03690
03698
03728
03730
03734
03758
05608
05666
05712
05723
05728
05729
05739
05762
05766
05783
05796
05799
05811
05813
05817
05819
05821
05838
05846
05853
06163
06536
06824
07297
07673
08086
08483
08753
09201
09501
09910
10123
10377
10660
11118
11608
11852
12208
04391
04397
04404
04411
04424
04431
04432
04440
04443
04457
04489
04516
04517
04540
04552
04554
04578
04581
04583
04589
04608
10131
10144
10177
10181
10193
10251
10259
10262
10275
10282
10288
10299
10308
10328
10331
10333
10339
10344
10345
11618
11633
11638
11647
11666
11677
11688
11704
11736
11739
11746
11753
11769
11771
11778
11795
11800
11805
11818
02925
02946
02949
02962
02972
02975
02990
02993
03008
03017
03021
03023
03029
03036
03076
03108
03117
03126
03133
